
######################## AUC-PR WTD ########################
Mean:
             raw_pr_auc_wtd                                                            Avg
scenario                DA1    DA2    DA3    SA1    SA2    SA3    TA1    TA2    TA3       
method                                                                                    
CNN                   0.978  0.994  0.985  0.348  0.896  0.973  0.222  0.210  0.102  0.634
LSTMAD                0.978  0.994  0.985  0.388  0.895  0.978  0.102  0.159  0.113  0.621
EIF                   0.963  0.970  0.469  0.125  0.988  0.807  0.070  0.092  0.093  0.509
MMPAD                 0.591  0.373  0.786  0.013  0.163  0.860  0.044  0.135  0.023  0.332
LOF                   0.090  0.100  0.085  0.043  0.048  0.102  0.143  0.057  0.009  0.075
KNN                   0.041  0.057  0.076  0.008  0.050  0.080  0.106  0.083  0.007  0.057
Naive_ZScore          0.008  0.044  0.100  0.012  0.065  0.116  0.060  0.054  0.011  0.052

Std:
             raw_pr_auc_wtd                                                                                       Avg
scenario                DA1       DA2       DA3       SA1       SA2       SA3       TA1       TA2       TA3          
method                                                                                                               
EIF                0.011789  0.007115  0.172046  0.006811  0.004073  0.111571  0.002472  0.006525  0.004269  0.036297
CNN                0.000474  0.000068  0.000340  0.010408  0.002368  0.001246  0.063096  0.013632  0.004110  0.010638
LSTMAD             0.000266  0.000065  0.000087  0.027879  0.000947  0.002071  0.000943  0.002770  0.010842  0.005097
KNN                0.000000  0.000000  0.000000  0.000000  0.000000  0.000000  0.000000  0.000000  0.000000  0.000000
LOF                0.000000  0.000000  0.000000  0.000000  0.000000  0.000000  0.000000  0.000000  0.000000  0.000000
MMPAD              0.000000  0.000000  0.000000  0.000000  0.000000  0.000000  0.000000  0.000000  0.000000  0.000000
Naive_ZScore       0.000000  0.000000  0.000000  0.000000  0.000000  0.000000  0.000000  0.000000  0.000000  0.000000

######################## VUS-PR ########################
Mean:
             vus_pr                                                            Avg
scenario        DA1    DA2    DA3    SA1    SA2    SA3    TA1    TA2    TA3       
method                                                                            
CNN           0.989  0.999  0.987  0.285  0.907  0.975  0.255  0.243  0.112  0.639
LSTMAD        0.990  0.999  0.987  0.344  0.907  0.979  0.125  0.191  0.124  0.627
EIF           0.982  0.975  0.474  0.121  0.995  0.808  0.087  0.109  0.120  0.519
MMPAD         0.899  0.469  0.811  0.017  0.165  0.864  0.049  0.164  0.031  0.385
LOF           0.058  0.103  0.088  0.035  0.053  0.102  0.171  0.063  0.016  0.077
KNN           0.033  0.054  0.080  0.016  0.053  0.084  0.123  0.091  0.013  0.061
Naive_ZScore  0.012  0.047  0.105  0.021  0.071  0.121  0.068  0.061  0.019  0.058

Std:
                vus_pr                                                                                       Avg
scenario           DA1       DA2       DA3       SA1       SA2       SA3       TA1       TA2       TA3          
method                                                                                                          
EIF           0.000834  0.006549  0.175443  0.004859  0.003296  0.111951  0.002345  0.006807  0.003298  0.035042
CNN           0.000416  0.000008  0.000340  0.002020  0.001993  0.001129  0.066878  0.013723  0.003626  0.010015
LSTMAD        0.000004  0.000008  0.000070  0.042448  0.000478  0.001951  0.001069  0.005052  0.012515  0.007066
KNN           0.000000  0.000000  0.000000  0.000000  0.000000  0.000000  0.000000  0.000000  0.000000  0.000000
LOF           0.000000  0.000000  0.000000  0.000000  0.000000  0.000000  0.000000  0.000000  0.000000  0.000000
MMPAD         0.000000  0.000000  0.000000  0.000000  0.000000  0.000000  0.000000  0.000000  0.000000  0.000000
Naive_ZScore  0.000000  0.000000  0.000000  0.000000  0.000000  0.000000  0.000000  0.000000  0.000000  0.000000
